Genus	A07-1	A07-3	A07-4	A08-1	A08-2	A08-4	A29-1	A29-2	A29-3	B09-1	B09-2	B09-3	B18-2	B18-3	B18-4	B19-2	B19-3	B19-4	B33-1	B33-2	B33-3	B34-2	B34-3	B34-4	B37-1	B37-2	B37-3	B43-2	B43-3	B43-4	B56-1	B56-2	B56-4	C13-1	C13-3	C13-4	E11-1	E11-3	E11-4	E41-1	E41-2	E41-3	G01-1	G01-2	G01-3	G17-1	G17-2	G17-3	G23-2	G23-3	G23-4	G39-1	G39-3	G39-4	G48-1	G48-2	G48-4	L27-3	H28-1	H28-2	H28-4	H30-2	H30-3	H30-4	H44-1	H44-2	H44-4	L10-2	L10-3	L10-4	L27-1	L27-4	L55-1	L55-3	L55-4	M20-1	M20-2	M20-4	M22-2	M22-3	M22-4	M32-1	M32-2	M32-4	N02-2	N02-3	N02-4	N35-1	N35-3	N35-4	N51-1	N51-3	N51-4	O14-1	O14-2	O14-4	O21-1	O21-2	O21-4	O53-1	O53-2	O53-3	P40-1	P40-2	P40-4	R06-2	R06-3	R06-4	R12-1	R12-2	R12-4	R15-1	R15-2	R15-3	R16-1	R16-2	R16-4	R36-1	R36-2	R36-4	R49-1	R49-2	R49-3	R54-2	R54-3	R54-4	S03-1	S03-3	S03-4	S05-1	S05-2	S05-3	S42-2	S42-3	S42-4	S47-1	S47-3	S47-4	S50-2	S50-3	S50-4	S57-1	S57-2	S57-3	S58-2	S58-3	S58-4	S60-1	S60-2	S60-4	S61-1	S61-2	S61-3	T04-2	T04-3	T04-4	T62-2	T62-3	T62-4	V26-2	V26-3	V26-4	V45-1	V45-2	V45-3	W25-1	W25-2	W25-3	W31-1	W31-3	W31-4	W46-2	W46-3	W46-4	W59-1	W59-3	W59-4	Z24-1	Z24-2	Z24-4	Z52-1	Z52-2	Z52-4
Leuctra	301	495	17	0	0	0	55	120	4	0	0	9	0	0	24	0	0	0	87	45	76	2	9	0	0	2	0	12	6	0	46	121	20	10	0	0	3	0	1	1	4	616	0	0	1	32	67	17	2	0	0	46	8	46	74	62	78	0	147	122	0	54	0	69	381	10	332	19	30	56	0	0	0	0	2	4	0	0	615	120	186	10	40	2959	0	8	2	118	58	170	100	40	50	2	20	93	10	159	9	101	21	100	0	64	47	0	0	0	205	2	88	27	0	188	0	0	0	3	46	19	66	306	23	324	97	1093	65	110	225	6	16	12	569	412	15	0	12	0	312	83	1601	0	0	23	95	1714	38	152	389	154	48	310	222	0	0	0	35	0	10	0	0	0	140	29	43	46	9	17	110	212	144	132	46	183	2079	142	215	4	108	7	118	29	40
Nemurella	0	0	0	0	0	0	0	0	0	0	1	0	0	0	0	0	0	0	0	0	0	0	0	0	0	0	0	0	0	0	0	0	0	0	1	0	0	0	0	0	0	0	0	14182	277	0	0	0	0	0	0	0	0	0	0	0	0	0	0	0	0	0	0	0	0	0	0	0	0	0	0	0	0	0	0	0	0	0	0	0	0	0	0	0	0	0	0	0	0	0	0	0	0	0	0	0	0	0	0	0	0	0	0	0	0	0	0	0	0	0	0	0	0	0	0	0	0	0	0	0	0	0	0	0	0	0	0	0	0	0	1	0	0	0	0	0	0	0	0	0	0	0	0	0	0	0	0	0	0	0	0	0	0	0	0	0	0	0	0	0	0	0	0	0	0	0	0	0	0	0	0	0	0	0	0	0	0	0	0	0	0	0	0
Chloroperla	0	39	237	0	0	0	128	0	0	0	0	0	0	0	0	0	0	1	0	0	0	0	0	0	0	0	0	0	0	0	0	0	0	0	1	0	0	0	0	0	0	1	0	0	0	0	0	0	0	0	0	0	0	0	0	0	0	0	0	0	0	0	0	1	0	0	0	0	52	50	0	0	0	0	0	0	0	0	210	269	124	1	0	0	0	0	0	1506	32	759	0	0	0	0	0	0	0	0	0	0	0	0	0	0	0	0	0	0	14	0	0	0	0	0	0	0	0	0	0	0	0	0	0	0	0	0	313	338	1331	0	35	0	0	0	0	0	0	0	236	0	136	0	0	0	0	0	0	2	14	0	0	0	0	0	0	0	0	0	0	0	0	0	0	0	0	0	0	2	7	0	0	373	10	285	0	0	0	0	0	0	0	0	0
Protonemura	0	0	0	0	0	0	0	0	0	0	0	0	0	0	0	0	0	0	0	0	0	0	0	0	0	1	0	0	1	0	59	0	0	0	0	0	0	0	0	0	0	0	0	0	0	0	0	0	0	0	0	0	0	0	0	0	0	0	0	0	0	26	0	8	0	0	0	0	0	0	0	0	81	0	0	0	0	0	0	0	0	0	0	0	0	0	0	0	0	0	0	0	0	0	0	0	0	0	0	0	0	0	0	0	0	0	0	0	0	0	0	0	0	0	0	0	0	0	0	0	9	0	0	0	0	1	0	0	0	0	0	0	0	2	0	0	0	0	0	0	4	0	0	0	0	1	0	0	0	0	0	4	2	0	0	0	0	13	0	0	0	0	0	0	0	0	0	0	0	0	0	3	0	0	26	0	0	0	0	0	432	0	0
Ephemera	4	0	0	9	23	0	0	1	0	23	23	95	0	0	0	3	76	10	0	0	0	0	20	3	0	0	0	0	0	0	0	0	0	239	511	313	0	3	0	0	0	0	270	361	227	0	0	0	0	0	0	0	0	0	0	0	0	0	0	5	0	612	388	3201	0	0	0	0	0	3	0	0	0	0	0	0	0	0	0	0	1	0	0	0	7	22	1	1	0	8	0	0	0	9	4	254	1	2	0	0	0	13	0	0	2	1	24	0	1	0	2	10	3	0	1	0	0	0	0	0	2	60	53	0	0	0	0	0	0	0	0	0	0	0	4	0	0	0	0	0	2	0	0	0	0	0	0	0	0	0	0	0	0	544	1314	1592	0	0	0	0	0	0	0	0	0	31	59	26	10	4	0	0	0	11	0	0	0	3	0	0	0	0	0
Rhyacophila	103	32	79	0	0	0	65	84	61	5	50	5	0	0	45	0	0	0	0	0	10	4	340	0	0	19	1	0	0	0	0	1	17	0	0	0	0	3	14	0	0	0	0	1	0	54	63	36	0	0	0	0	4	1	31	29	1	0	28	17	11	0	0	5	0	0	1	49	1	93	10	1	0	0	14	134	109	72	0	59	60	0	0	0	10	8	0	89	139	40	0	1	0	0	0	1	0	0	0	0	0	97	65	14	27	31	21	29	8	21	2	2	0	2	0	0	0	0	23	0	1	0	24	0	0	81	49	113	141	11	17	4	0	1	2	2	159	0	73	25	170	307	1	0	17	9	37	18	4	37	36	12	12	0	3	10	8	0	0	0	0	0	0	0	15	0	61	15	5	1	46	28	21	2	2	0	0	61	8	24	0	0	0
Nemoura	0	0	0	0	0	0	0	12	1	0	10	0	0	0	1	47	86	12	2	428	127	0	0	0	5	19	3	54	278	1	42	394	0	0	3	0	0	0	0	0	265	1601	0	0	15	0	0	0	5	0	0	1	4	45	53	70	37	1	2	1	0	48	6	16	134	0	52	0	0	0	113	7	349	216	540	0	1	0	0	0	2	2	29	5	0	0	0	0	0	0	92	0	8	0	2	10	0	0	2	1	157	6	0	2	22	0	0	0	0	0	0	1	0	0	0	42860	0	0	21	0	55	9	8	0	43	189	0	0	0	0	5	0	441	51	401	0	3	1	0	0	0	17	152	1	89	234	21	0	0	0	0	0	0	1	0	1	72	17	2	0	0	0	10	0	0	0	0	4	0	1	266	0	0	0	85	526	21	2	0	0	8	0	0
Zwicknia	0	0	0	0	0	0	0	0	0	0	0	0	0	0	0	0	0	0	0	0	0	0	0	0	0	0	0	0	0	0	0	0	0	0	0	0	0	0	0	0	0	0	0	0	0	0	0	0	0	0	0	0	0	0	0	0	0	0	0	0	0	0	0	0	0	0	0	0	0	0	0	0	0	0	0	0	0	0	0	0	0	0	0	0	0	0	0	0	0	0	3	13	1	0	0	0	0	0	0	0	0	0	0	0	0	0	0	0	0	0	0	0	0	0	0	0	0	0	0	0	0	0	0	0	0	0	0	0	0	0	0	0	0	0	0	0	0	0	0	0	0	0	0	0	0	0	0	0	0	0	0	0	0	0	0	0	0	0	0	0	0	0	0	0	0	0	0	0	0	0	0	0	0	0	0	0	0	0	0	0	0	0	0
Rhithrogena	398	4225	6566	0	0	0	845	285	14	0	0	0	0	0	0	0	0	1	440	2113	456	0	1	1	0	1	0	0	0	0	1	0	1	57	9	0	0	1	1	0	0	0	0	1	0	38	0	35	0	0	0	21	3	19	0	0	8	2	0	1	1	1	14	8	0	0	32	709	322	458	0	0	0	0	179	0	0	0	2683	3681	5023	2095	0	0	0	0	0	2898	1652	1696	88	3	30	0	0	18	0	0	0	0	0	520	206	239	312	0	0	0	1334	437	510	0	0	0	1	0	1	1355	861	844	196	339	191	14	4	227	2430	3383	1892	251	254	272	0	14	0	0	0	2	447	961	1467	0	205	81	0	0	0	226	205	680	0	33	0	0	0	1	0	0	1	0	1	0	270	410	247	59	29	48	674	926	847	2470	764	376	5	0	1	0	0	0	207	0	755
Siphlonurus	0	0	0	0	0	0	0	0	0	0	0	0	0	0	0	0	0	0	0	0	0	0	0	0	0	0	0	0	0	0	0	0	0	0	0	0	0	0	0	0	0	0	0	0	0	0	0	0	0	0	0	0	0	0	0	0	0	0	0	0	0	0	0	0	0	0	0	0	0	0	0	0	0	0	0	0	0	0	0	0	0	0	0	0	0	0	0	0	0	13	0	0	0	0	0	0	0	0	0	0	0	0	2	0	0	0	0	0	0	0	0	0	0	0	0	0	0	0	0	0	0	0	0	0	0	0	0	71	8	0	0	0	0	0	0	0	0	0	1	0	7	0	0	0	0	0	0	0	1	0	0	0	0	0	0	0	0	0	0	0	0	0	8	0	1	0	0	0	0	0	0	0	0	0	0	0	0	0	0	0	0	0	0
Perlodes	0	0	0	0	0	0	0	0	0	0	0	0	0	0	0	0	0	0	0	0	0	0	0	0	0	0	0	0	0	0	1	0	0	0	0	0	0	0	0	0	0	50	0	0	0	0	0	0	0	0	0	0	0	0	276	183	7	0	13	0	0	0	0	0	1	0	272	0	0	0	0	0	61	6	12	0	0	0	0	0	0	0	0	0	0	0	0	0	0	0	99	13	5	0	0	0	0	0	0	0	0	0	0	0	0	0	0	0	0	0	0	0	0	0	0	0	0	0	0	0	0	0	0	0	0	0	0	0	0	0	0	0	0	1	0	0	182	0	0	0	0	0	0	0	1	0	0	1	1	0	0	0	1	0	0	0	0	0	0	0	0	0	0	0	0	0	0	0	0	0	0	1	0	0	0	0	0	0	0	0	0	0	0
Isoperla	0	0	0	0	0	0	118	0	0	0	0	0	0	0	0	0	0	0	11	94	65	0	0	0	0	0	0	0	0	0	0	0	0	0	0	0	0	0	0	0	0	0	0	0	0	0	0	0	0	0	0	0	0	0	0	0	0	0	0	0	0	0	0	157	0	0	0	0	61	0	0	0	0	14	0	0	0	0	2	0	0	0	0	0	0	0	0	9	340	37	0	0	0	0	0	0	0	0	0	0	0	0	32	0	0	0	0	0	0	0	0	0	0	0	0	0	0	705	21	0	0	0	3	481	3	0	271	853	61	0	0	0	0	0	0	0	0	0	9	287	438	0	179	164	0	0	0	27	91	0	0	0	0	0	0	0	0	0	0	0	0	0	19	0	79	0	0	0	0	0	0	739	408	205	0	0	0	0	0	0	36	4	0
Odontocerum	0	0	0	0	0	0	7	0	9	69	38	56	0	0	10	4	0	4	4	24	11	9	5	36	24	35	1	0	5	0	87	122	85	32	9	2	0	0	10	182	1	0	0	0	0	0	0	0	0	0	0	136	251	37	29	14	148	4	0	2	0	18	61	12	39	0	65	0	4	1	12	27	0	0	0	0	2	0	0	4	0	1	20	30	0	1	0	3	0	5	22	0	0	2	3	1	14	11	23	1	16	76	2	0	18	38	4	45	0	0	0	0	0	0	0	0	0	5	10	0	93	117	137	5	0	1	0	0	6	0	0	0	8	26	2	0	0	0	2	5	0	1	9	32	5	7	3	0	0	0	0	0	0	0	0	0	18	9	6	0	0	0	11	0	2	77	26	26	8	18	112	1	0	0	4	5	6	0	1	0	13	0	0
Amphinemura	0	0	2	0	0	0	6	6	0	0	0	0	0	0	0	0	0	0	6	0	26	0	0	0	0	0	0	0	0	1	0	0	0	0	0	0	0	0	0	0	0	0	0	0	0	0	0	0	1	0	0	0	0	0	0	0	0	0	0	0	0	0	0	0	1	0	1	0	0	0	0	0	0	0	0	0	0	1	0	0	7	0	0	0	0	0	0	0	0	10	0	0	0	0	0	0	0	0	0	0	0	1	2	4	1	0	0	0	3	0	1	0	0	0	0	0	0	0	0	0	0	0	7	0	0	1072	2	47	0	0	0	0	0	0	0	0	0	0	0	57	18	923	0	0	0	0	0	0	0	0	0	0	0	0	0	0	0	0	0	0	0	0	48	0	2	0	0	0	0	0	0	9900	2240	560	0	0	0	0	0	0	0	0	0
Rhabdiopteryx	0	0	0	0	0	0	0	0	0	0	0	0	0	0	0	0	0	0	0	0	0	0	0	0	0	0	0	0	0	0	0	0	0	0	0	0	0	0	0	0	0	0	0	0	0	0	0	0	0	0	0	0	0	0	0	0	0	0	0	0	0	0	0	0	0	0	0	0	0	0	0	0	0	0	0	0	0	0	0	0	0	0	0	0	0	0	0	0	0	0	0	0	0	0	0	0	0	0	0	0	0	0	0	0	0	0	0	0	0	71	0	0	0	0	0	0	0	0	0	0	0	0	0	0	0	0	0	0	0	0	0	0	0	0	0	0	0	0	0	0	1	0	0	0	0	0	0	0	0	0	0	0	0	0	0	0	0	0	0	0	0	0	0	0	0	0	0	0	0	0	0	0	0	0	0	0	0	0	0	0	0	0	0
Ameletus	0	0	0	0	0	0	0	0	0	0	0	0	0	0	0	0	0	0	0	0	0	0	0	0	0	0	0	0	0	0	0	0	0	0	0	0	0	0	0	0	0	0	0	0	0	0	0	0	0	0	0	0	0	0	0	0	0	0	0	0	0	0	0	0	0	0	0	0	0	0	0	0	0	0	0	0	0	0	0	0	0	0	0	0	0	0	0	0	0	0	0	0	0	0	0	0	0	0	0	0	0	0	0	0	0	0	0	0	0	0	0	0	0	0	0	0	0	0	0	0	0	0	0	0	0	0	0	0	0	0	0	0	0	0	0	0	0	0	45	0	0	0	0	0	0	0	0	0	0	0	0	0	0	0	0	0	0	0	0	0	0	0	0	0	0	0	0	0	0	0	0	0	0	0	0	0	0	0	0	0	0	0	0
Perla	0	0	0	0	0	0	0	0	0	0	0	0	0	0	0	0	0	0	0	0	0	0	0	0	0	0	0	0	0	0	0	0	0	0	0	0	0	0	0	0	0	0	0	0	0	0	0	0	0	0	0	0	0	0	0	0	0	0	0	0	0	0	0	0	0	0	0	0	0	0	0	0	0	0	0	0	0	0	0	0	0	0	0	0	0	0	0	0	0	12	0	0	0	0	0	0	0	0	0	0	0	0	0	0	0	0	0	0	0	0	0	0	0	0	0	0	0	0	33	0	0	0	0	0	189	0	0	0	0	0	0	0	0	0	0	0	0	0	1	0	34	0	42	0	0	0	0	0	0	0	0	0	0	0	0	0	0	0	0	0	0	0	0	177	18	0	0	0	0	0	0	0	0	79	0	0	1	0	0	0	1086	0	1
Baetis	0	0	0	0	0	0	229	144	175	1237	576	811	0	0	4	0	0	0	9	383	296	8	27	69	228	241	15	0	0	0	0	3	1	38	15	0	1	33	5	0	46	0	12	87	2	6	18	11	11	0	12	1	6	37	2	0	0	16	259	30	0	1	0	23	96	3	72	751	12	19	365	83	236	0	0	6	49	25	19	7	0	0	0	0	12	14	0	422	166	483	3	5	0	0	0	0	36	5	39	7	331	351	14	38	327	35	412	205	2	15	9	19	65	13	0	0	0	139	325	0	253	460	245	0	0	28	152	296	243	17	3	6	1068	55	0	0	7	0	112	126	99	319	0	0	14	186	21	0	0	0	92	153	282	5	49	19	14	1	8	0	0	21	52	7	48	54	5	11	257	229	40	497	79	108	67	1	0	3	54	30	0	0	0
Wormaldia	0	0	0	166	348	33	0	0	0	1	7	1	0	0	0	0	8	0	0	0	0	1	16	4	1	0	1	0	0	0	0	17	0	0	0	0	0	7	0	0	0	17	0	0	0	0	0	0	0	0	0	0	0	0	5	0	78	3	0	0	0	0	0	0	0	0	0	0	0	0	1	0	0	0	0	0	0	17	0	0	0	0	0	2	0	0	0	0	0	0	0	0	0	0	0	3	0	0	0	0	0	0	0	0	0	0	0	0	0	0	0	0	0	0	0	0	0	0	0	0	0	0	10	0	0	0	0	0	0	0	0	0	0	18	0	0	1	0	0	0	0	0	0	0	0	0	0	0	0	0	0	0	0	0	0	0	0	1	0	0	0	0	6	4	0	0	9	0	13	0	0	0	0	0	3	43	1	0	0	0	0	0	0
Philopotamus	0	0	0	0	0	0	5	0	0	0	0	0	0	0	0	0	1	0	0	1	0	0	2	31	15	10	0	0	9	0	27	50	0	0	15	0	0	0	0	0	0	0	0	0	0	0	0	0	0	0	0	42	9	42	49	0	1	1	0	12	0	33	0	6	1	0	0	0	0	0	0	0	0	0	0	0	0	0	0	0	0	0	10	36	0	0	0	0	0	0	2	0	0	0	2	155	0	0	0	0	14	3	1	0	0	0	0	0	0	0	0	0	0	0	0	0	0	0	0	0	6	9	22	2	0	0	0	0	0	0	0	0	262	3	0	22	25	10	1	0	75	0	0	0	49	21	102	0	0	0	0	0	0	0	0	0	21	0	33	0	0	0	0	0	16	0	0	0	0	0	0	0	0	0	3	18	7	0	0	0	1	0	660
Cloeon	0	0	0	0	0	0	0	0	0	0	0	0	0	0	0	0	0	0	0	0	0	0	0	0	0	0	0	0	0	0	0	0	0	0	0	0	0	0	0	0	0	0	4	15	0	0	0	0	0	0	0	0	0	0	0	0	0	0	0	0	0	0	0	0	0	0	0	0	0	0	0	0	0	0	0	0	0	0	0	0	0	0	0	0	0	0	0	0	0	0	0	0	0	0	0	0	0	0	0	0	0	0	0	0	0	0	0	0	0	0	0	0	0	0	0	0	0	0	0	0	0	0	0	0	0	0	0	0	0	0	0	0	0	0	0	0	0	0	0	0	0	0	0	0	0	0	0	0	0	0	0	0	0	0	0	0	0	0	0	0	0	0	0	0	0	36	9	49	0	0	0	0	0	0	0	0	0	0	0	0	0	0	0
Caenis	0	0	399	0	0	0	105	182	92	0	0	0	0	0	9	0	0	0	0	5	5	0	0	0	0	0	0	0	0	0	1	0	0	2	0	0	0	0	1	0	0	0	0	0	0	667	195	251	0	0	0	0	0	0	0	0	0	0	0	0	0	0	0	0	0	0	0	68	5	84	0	0	0	0	0	0	0	0	0	8	8	0	0	0	0	10	0	98	43	138	0	0	0	0	0	0	0	0	0	0	0	0	48	3	24	0	0	2	60	9	51	0	17	11	0	0	0	3	70	0	0	0	0	0	0	0	117	63	112	9	38	3	1	0	0	0	0	0	19	46	7	0	0	0	1	0	0	0	4	0	0	0	0	0	0	0	0	0	0	0	0	0	0	0	0	4	37	20	69	259	19	21	57	32	0	0	0	28	68	3	69	0	0
Epeorus	0	0	0	0	0	0	0	0	0	0	0	0	0	0	0	0	0	0	0	0	0	0	0	0	0	0	0	1	5	0	0	0	0	0	0	0	0	0	0	0	0	1	0	0	0	0	0	0	0	0	0	110	0	0	0	0	0	0	0	0	0	0	0	0	0	0	0	0	0	0	0	90	0	0	0	0	0	0	0	0	0	0	0	0	0	0	0	0	0	0	0	0	0	0	0	0	0	0	0	0	0	0	0	0	6	0	0	0	0	0	0	0	0	0	0	0	0	0	0	0	2	0	3	0	0	0	0	0	0	0	0	0	0	0	0	0	0	0	0	16	0	0	0	0	0	0	0	0	0	0	0	0	0	0	0	0	0	0	0	0	0	0	0	0	0	0	1	6	0	0	0	0	43	0	0	0	0	0	0	0	0	2	0
Electrogena	0	0	0	0	0	0	0	10	0	0	0	0	0	0	0	0	0	0	5	1	4	0	0	0	1	0	0	0	0	0	0	0	0	0	0	0	0	0	0	0	0	0	0	0	0	0	0	0	0	0	0	0	0	0	0	0	0	0	186	98	199	0	138	6	658	7	248	0	0	0	0	0	0	0	0	0	0	0	0	0	25	0	0	0	0	0	0	0	0	0	0	0	0	0	0	0	0	0	0	0	0	0	1	1	1	0	0	0	0	0	0	0	0	0	0	0	0	0	0	0	0	0	0	0	0	0	1	0	0	0	0	0	0	0	0	0	0	0	0	0	0	0	0	0	0	0	0	0	0	0	0	0	0	0	0	0	0	0	0	0	0	0	0	1	0	0	0	0	6	0	3	0	0	0	0	0	0	0	0	0	0	0	0
Ernodes	0	0	0	0	0	0	0	0	0	0	0	0	0	0	0	0	0	0	0	0	0	0	0	0	0	0	0	0	0	0	0	0	0	0	0	0	0	0	0	0	0	0	0	0	0	0	0	0	0	0	0	0	0	0	0	0	0	0	0	0	0	0	0	0	0	0	0	0	0	0	0	0	0	0	0	0	0	0	0	0	0	0	0	0	0	0	0	0	0	0	0	0	0	0	0	0	0	0	0	0	0	0	0	0	0	0	0	0	0	0	0	0	0	0	0	0	0	0	0	0	89	0	0	0	0	0	0	0	0	0	0	0	0	0	0	0	0	0	0	0	0	0	27	0	0	0	11	0	0	0	0	0	0	0	0	0	0	0	0	0	0	0	0	0	0	0	0	0	0	0	0	0	0	0	0	0	0	0	0	0	0	0	0
Potamophylax	0	0	0	0	0	0	0	0	0	0	0	0	0	0	1	0	1	0	0	495	0	0	0	1	0	0	0	0	0	0	0	0	0	1	0	2	0	0	0	0	0	0	0	0	0	0	0	0	0	0	0	0	0	0	0	0	0	0	0	0	0	0	1	5	9	1	10	0	0	0	0	0	3	0	0	0	4	0	0	0	0	0	0	0	0	0	0	241	269	219	0	1	0	0	0	0	0	0	0	0	1	1	0	0	0	0	0	0	0	0	0	0	0	0	0	0	0	0	0	0	432	0	0	4043	0	0	0	0	0	0	0	0	0	1	0	0	0	0	747	134	294	0	0	0	0	0	0	63	16	0	0	0	0	0	1	0	0	0	0	0	0	0	0	0	0	1	1	1	0	540	2	0	0	72	0	0	0	0	0	0	0	0	0
Allogamus	0	0	0	0	0	0	0	0	0	0	0	0	0	0	0	0	0	0	0	0	0	0	0	0	0	0	0	0	0	0	0	0	0	0	0	0	0	0	0	0	0	0	0	0	0	0	0	0	0	0	0	0	0	0	0	0	0	0	0	0	0	0	0	0	0	0	0	0	0	0	0	0	0	0	0	0	0	0	0	0	0	0	0	0	0	0	0	0	0	0	10	0	45	0	0	0	0	0	0	0	0	0	0	0	0	0	0	0	0	0	0	0	0	0	0	0	0	0	0	0	0	0	0	0	0	0	0	0	0	0	0	0	0	0	0	0	0	0	0	0	0	0	0	11	0	0	0	0	0	0	0	0	0	0	0	0	0	0	0	0	0	0	0	0	53	0	0	0	0	0	0	0	0	0	0	0	0	0	0	0	0	0	0
Melampophylax	0	0	0	0	346	0	0	0	0	0	0	0	0	0	0	15	26	65	1	10	25	0	8	0	4	128	10	0	0	0	84	77	22	207	164	2	0	0	1	0	1	0	0	0	0	0	0	0	0	0	0	0	0	0	37	1	0	0	98	2	0	0	1	0	0	2	3	0	0	0	0	0	0	0	0	11	62	2	0	0	0	0	5	0	0	0	0	0	0	0	11	0	13	5	1	29	1	6	0	0	0	23	0	1	0	0	0	0	0	1	0	0	0	0	0	0	0	0	0	0	9	2	0	1	0	0	0	0	0	0	0	0	0	2	10	0	0	0	29	0	10	1	103	7	22	19	1	0	0	0	35	145	11	10	20	2	2	0	1	0	0	0	0	0	0	2	73	1	0	0	0	0	0	0	90	2	0	0	0	0	0	5	0
Annitella	0	0	0	0	0	0	0	0	0	0	0	0	0	0	0	0	0	0	0	0	0	0	0	0	0	0	0	0	0	0	0	0	0	0	0	0	0	0	0	0	0	0	0	0	0	0	0	0	0	0	0	0	0	0	0	0	0	0	0	0	0	0	0	0	0	0	0	0	0	0	0	0	0	0	0	0	0	0	0	0	26	0	0	0	0	0	0	0	0	19	0	0	0	0	0	0	0	0	0	0	0	0	0	0	0	0	0	0	0	6	0	0	0	0	0	0	0	0	0	0	0	0	0	0	0	0	0	1	36	0	0	0	0	0	0	0	0	0	0	2	91	0	0	0	0	0	0	0	0	0	0	0	0	0	0	0	0	0	0	0	0	0	0	0	0	0	0	0	0	0	0	3	11	0	0	0	0	0	0	0	0	0	0
Chaetopteryx	0	0	0	0	0	0	0	0	0	0	0	0	0	0	0	0	0	0	0	0	0	0	0	0	0	0	0	0	0	0	0	0	0	0	0	0	0	0	0	0	0	0	0	0	0	0	0	0	0	0	0	0	0	0	0	0	0	0	0	0	0	0	0	0	0	0	0	0	0	0	0	0	0	0	0	0	0	0	0	0	0	0	0	0	0	0	0	0	0	0	0	0	0	0	0	0	0	0	0	0	0	4	0	0	0	0	0	0	0	0	0	0	0	0	0	0	0	0	0	0	0	0	0	0	0	0	0	0	0	0	0	0	0	0	0	0	0	0	0	0	0	0	0	0	0	0	0	0	0	0	0	0	0	0	0	0	0	0	0	0	0	0	0	0	0	0	0	0	0	0	0	0	0	0	0	0	0	0	0	0	0	0	0
Halesus	0	0	0	0	0	0	0	0	0	1	2	69	0	0	0	0	0	0	0	0	0	0	0	0	0	0	0	0	0	0	0	1	0	0	0	0	0	0	0	0	0	0	0	0	0	0	0	0	0	0	0	0	0	0	0	0	0	0	0	0	0	0	0	0	0	0	0	0	0	0	0	0	179	0	0	0	0	0	0	0	0	0	0	0	0	0	0	10	0	0	0	0	0	0	0	0	0	0	0	0	0	0	0	0	0	0	0	4	0	0	0	0	0	0	0	0	0	0	0	0	0	0	0	0	0	3458	0	0	0	0	0	0	0	0	0	0	0	0	0	0	0	0	0	0	0	0	0	0	0	0	0	0	0	0	0	0	0	0	0	0	0	0	0	0	0	0	0	0	0	0	0	0	0	0	1	0	0	0	0	0	0	0	0
Pseudopsilopteryx	0	0	0	0	0	0	0	0	0	0	0	0	0	0	0	0	0	0	0	0	0	0	0	0	0	0	0	0	0	0	0	0	0	0	0	0	0	0	0	0	0	0	0	0	0	0	0	0	0	0	0	0	0	0	0	0	0	0	0	0	0	0	0	0	0	0	0	0	0	0	0	0	0	15	0	0	0	0	0	0	0	0	0	0	0	0	0	0	0	0	0	0	0	0	0	0	0	0	0	0	0	0	0	0	0	0	0	0	0	0	0	0	0	0	0	0	0	0	0	0	0	0	0	0	3	0	0	0	0	0	0	0	0	0	0	0	0	0	0	0	0	0	0	0	0	0	0	0	0	0	0	0	0	0	0	0	0	0	0	0	0	0	0	0	0	0	0	0	0	0	0	0	0	0	0	0	0	0	0	0	0	0	0
Drusus	0	0	0	0	0	0	0	0	0	0	0	0	0	0	0	0	0	0	0	0	0	0	0	0	0	0	0	0	0	0	0	0	0	0	0	0	0	0	0	0	0	0	0	0	0	0	0	0	0	0	0	0	0	0	0	0	0	0	0	0	0	0	0	0	0	0	0	0	0	0	0	0	166	16	14	0	0	0	0	0	0	0	0	0	0	0	0	0	0	0	0	0	0	0	0	0	0	0	0	0	0	0	0	0	0	0	0	0	0	0	0	0	0	0	0	0	0	0	0	0	0	0	0	0	0	0	0	0	0	0	0	0	0	0	0	0	0	0	0	0	0	0	0	0	0	0	0	27	146	0	0	0	0	0	0	0	0	0	0	0	0	0	0	0	0	0	0	0	0	0	0	0	0	0	0	0	0	0	0	0	0	0	0
Limnephilus	0	0	0	0	0	0	0	0	0	0	0	0	125	2017	2014	0	0	0	0	0	0	0	0	0	0	0	0	0	0	0	0	0	0	0	0	0	0	0	1	0	0	0	3466	949	986	1	5	0	0	0	0	0	0	0	0	0	0	0	0	0	0	0	0	0	0	0	0	21	1	0	0	0	0	0	0	0	0	0	0	0	0	0	0	0	0	2	0	0	0	0	0	0	0	0	0	0	0	0	0	0	0	0	0	0	0	10	0	12	0	55	0	0	0	0	0	0	1	0	0	0	0	0	0	0	0	0	0	0	2	18	0	0	0	0	0	0	0	0	0	0	0	0	0	0	0	0	0	13	13	14	0	0	0	0	0	0	0	0	0	0	0	0	0	0	0	0	0	0	0	0	0	0	0	0	0	0	0	0	1	0	0	0	0
Ecdyonurus	0	8	0	0	0	0	1	0	17	0	1	24	0	0	0	0	2	0	3	20	6	0	0	0	9	33	0	0	0	0	11	13	0	0	0	0	0	0	0	0	1	0	0	0	0	0	0	0	0	0	0	0	0	0	17	5	35	0	18	38	46	25	0	31	4	2	0	0	0	11	0	0	28	0	1	0	0	0	0	3	2	0	0	0	0	0	0	164	25	2	129	3	10	1	0	0	3	17	0	5	4	92	15	2	13	0	0	0	0	1	3	0	0	0	0	0	0	1	32	14	160	123	2	3	1	0	6	3	8	0	0	5	0	14	0	5	5	0	52	36	65	39	55	2	3	5	45	76	1	0	0	0	3	0	0	0	1	0	0	0	0	0	0	0	1	0	13	9	1	5	2	2	4	1	48	0	1	0	46	0	19	0	381
Ephemerella	0	0	0	0	0	0	0	0	0	0	0	0	0	0	0	0	0	0	0	20	0	0	0	0	0	0	0	0	0	0	0	0	0	0	0	0	0	0	0	0	0	0	0	0	0	0	0	0	0	0	0	0	0	0	0	0	0	0	0	0	0	0	0	0	0	0	0	0	0	0	0	0	0	0	0	0	0	0	0	0	0	0	0	0	0	0	0	0	0	0	0	0	1	0	0	0	0	0	0	0	0	0	0	0	0	0	0	0	0	0	0	0	0	0	0	0	0	0	0	0	116	0	0	0	0	0	0	0	0	0	0	0	0	0	0	0	0	0	24	0	0	0	0	0	0	0	0	0	0	0	0	0	0	0	0	0	3	0	0	0	0	0	0	0	0	0	0	0	0	0	0	0	0	0	0	0	0	0	0	0	0	0	0
Takobia	0	0	0	0	0	0	1	0	2	876	143	290	0	0	0	16	1	0	1	1	8	2	15	8	0	10	1	3	18	1	0	70	0	0	69	16	0	0	0	0	3086	5	0	0	0	0	0	5	0	0	0	1	0	4	32	1	6	0	3	2	0	7	1	15	14	0	9	0	4	0	4	6	0	0	0	2	0	0	0	0	2	1	90129	4317	0	0	0	3	0	0	0	1	1	1	0	1	13	12	6	0	69	11	0	0	1	0	1	0	0	7	0	0	0	0	0	0	0	1	2	0	14	79	2	0	0	0	0	0	0	0	0	0	0	0	1	3	91	2	0	1	0	2	58	44	0	0	0	9	0	0	225	111	138	0	2	15	1	1	0	0	7	5	1	0	0	0	3	14	3	1	1	0	0	0	28	48	1	0	0	0	5	4	11
Dinocras	0	0	0	0	0	0	0	5	10	0	0	0	0	0	0	0	0	0	0	0	0	0	0	0	0	0	0	0	0	0	0	0	0	0	0	0	0	0	0	0	0	0	0	0	0	0	0	0	0	0	0	0	0	0	2	0	0	14	0	0	0	0	0	1	0	0	0	0	0	1	0	0	0	0	0	0	0	0	0	1	3	0	0	0	0	0	0	0	0	10	0	0	0	0	0	0	0	0	0	0	0	0	0	0	1	0	0	0	0	0	34	0	0	0	0	0	0	0	62	4	0	0	0	0	0	0	27	64	0	1	33	0	7	41	0	0	0	0	48	0	35	0	0	0	1	26	112	0	0	0	0	0	0	0	0	0	0	0	0	0	0	0	0	0	0	0	2	16	0	0	0	16	60	1	0	0	0	0	0	4	0	0	0
Paraleptophlebia	0	0	0	0	0	0	0	0	0	0	7	3	0	0	0	0	0	0	0	0	0	0	0	83	0	0	0	0	0	0	0	0	0	0	0	0	0	0	0	0	0	0	0	0	0	0	0	0	4	0	0	0	0	0	0	0	0	0	0	0	0	0	0	0	0	0	0	0	0	0	0	0	0	0	0	0	0	0	0	0	0	0	0	0	0	0	0	0	0	0	0	0	0	0	0	0	0	0	0	0	0	0	0	0	0	0	0	0	0	0	0	0	0	0	0	0	0	0	0	0	0	0	0	0	0	0	0	0	0	0	0	0	0	0	0	0	0	0	0	0	0	0	0	0	0	0	0	0	0	0	0	0	0	0	0	0	0	0	0	0	0	0	0	0	0	0	0	0	0	0	0	0	0	0	0	0	0	0	0	0	0	0	0
Lepidostoma	0	0	0	0	0	0	0	0	0	0	0	0	0	0	0	0	0	0	0	0	0	0	0	0	0	0	0	0	0	0	0	0	0	0	0	0	0	0	0	0	0	0	0	0	0	0	0	0	0	0	0	0	0	0	0	0	0	0	0	0	0	0	0	0	0	0	0	0	0	0	0	0	0	0	0	0	0	0	0	0	0	0	0	0	0	0	0	0	0	0	0	0	0	0	0	0	0	0	0	0	0	0	0	0	0	0	0	0	0	0	0	0	0	0	0	0	0	0	0	0	0	0	0	0	0	0	0	47	0	0	0	0	0	0	0	0	0	0	0	0	0	0	0	0	0	0	0	0	0	0	0	0	0	0	0	0	0	0	0	0	0	0	0	0	0	0	0	0	0	0	0	0	0	0	0	0	0	0	0	0	0	0	0
Athripsodes	0	0	0	0	0	0	7	0	0	0	0	0	0	0	0	0	0	0	0	0	0	0	0	0	0	0	0	0	0	0	0	0	0	0	0	0	0	0	0	0	0	0	0	0	0	3	7	8	0	0	0	0	0	0	0	0	0	0	0	0	0	0	0	0	0	0	0	6	34	293	0	0	0	0	0	0	0	0	64	149	444	0	0	0	0	0	0	638	0	0	0	0	0	0	0	0	0	0	0	0	0	0	0	0	0	0	0	0	181	221	11	0	0	0	0	0	0	0	0	0	0	0	0	0	0	0	0	89	78	64	127	73	0	0	0	0	0	0	0	0	0	0	0	0	0	0	0	0	0	0	0	0	0	0	0	0	0	0	0	0	0	0	0	0	0	0	0	0	0	0	0	0	0	0	0	0	0	0	0	0	0	0	0
Crunoecia	0	0	0	0	0	0	0	0	0	0	2	0	0	0	0	0	0	0	0	0	0	0	0	0	0	0	0	0	2	0	0	31	0	0	0	0	0	0	0	0	0	0	0	0	0	0	0	0	1	0	0	0	19	0	0	0	5	38	0	0	0	0	0	0	0	0	0	0	0	0	1	0	0	0	0	0	0	0	0	0	0	0	0	0	0	0	0	0	0	0	0	0	0	0	0	0	0	0	0	0	0	0	0	0	0	0	0	0	0	0	0	0	0	0	0	608	0	0	0	0	0	0	0	0	0	0	0	0	0	0	0	0	0	0	0	0	0	0	0	0	0	0	17	0	0	0	0	0	0	0	0	0	0	0	0	0	2	0	7	0	0	0	0	0	0	0	45	0	0	0	0	0	0	0	0	0	0	0	0	0	0	0	0
Glossosoma	0	0	0	0	0	0	0	0	0	0	0	0	0	0	0	0	0	0	0	0	0	0	0	0	0	0	0	0	0	0	3	7	6	0	0	0	0	0	0	0	0	0	0	0	0	0	0	0	0	0	0	0	0	0	0	0	0	0	0	0	0	0	0	0	0	0	0	0	0	0	0	0	0	0	0	0	0	0	0	0	0	0	0	0	0	0	0	0	0	0	0	0	0	0	0	0	0	0	0	0	0	0	0	0	0	0	0	0	0	0	0	0	0	0	0	0	0	0	0	0	0	0	0	0	0	0	0	0	0	0	0	0	0	2	0	0	0	0	14	10	0	0	0	0	0	0	0	0	0	0	0	0	0	0	0	0	0	0	0	0	0	0	0	0	0	0	0	0	0	0	0	0	0	0	0	0	0	0	0	0	0	0	0
Sericostoma	0	0	0	57	45	0	144	5	0	0	0	0	0	0	0	12	16	0	4	84	1	0	3	0	13	73	0	19	32	2	26	4	0	91	650	1	0	0	0	0	0	0	0	1	0	0	0	5	10	0	0	124	4692	601	53	0	2	8	0	336	0	25	5	89	4	0	0	0	23	0	7	15	1	0	0	0	1	0	0	0	155	1	114	20	0	0	0	0	532	339	734	234	78	899	603	646	0	1	0	4	4	1	1	0	8	0	42	0	0	0	0	0	0	0	1	102	0	0	0	263	3	17	0	268	10	17	152	75	1022	0	11	24	5	44	236	0	37	1	149	122	95	207	270	642	1	0	0	15	3	1	0	0	1	0	48	49	15	0	2	0	0	0	0	0	0	34	16	15	145	24	2166	439	132	14	234	0	25	0	0	0	1	1	0
Allotrichia	0	0	0	0	0	0	5	21	0	0	0	0	0	0	0	0	0	0	0	0	0	0	0	0	0	0	0	0	0	0	0	0	0	0	0	0	0	0	0	0	0	0	0	0	0	0	0	0	0	0	0	0	0	0	0	0	0	0	0	0	0	0	0	0	0	0	0	0	0	0	0	0	0	0	0	0	0	0	0	0	0	0	0	0	0	0	0	0	0	0	0	0	0	0	0	0	0	0	0	0	0	0	0	0	0	0	0	0	0	0	0	0	0	0	0	0	0	0	0	0	0	0	0	0	0	0	0	0	0	0	0	0	0	0	0	0	0	0	0	0	0	0	0	0	0	0	0	0	0	0	0	0	0	0	0	0	0	0	0	0	0	0	0	0	0	0	0	0	0	0	0	0	0	0	0	0	0	0	0	0	0	0	0
Habroleptoides	0	0	0	0	0	0	61	1	0	196	1315	2730	0	0	0	142	10	0	361	516	371	71	3890	1550	907	1081	18	1	39	0	0	36	0	34	36	26	0	0	0	0	1	2	0	0	0	38	9	0	0	0	0	0	0	0	104	0	340	76	0	0	0	45	4	338	0	2	0	0	0	36	10	12	129	0	0	189	70	0	0	3	0	8	1222	1097	0	5	0	1	1	77	3	0	1	125	86	143	5	0	0	6	41	1	0	0	299	0	0	0	0	0	0	46	10	56	0	0	0	780	11	0	318	919	7	0	0	0	0	0	0	0	0	0	235	448	1735	0	3	0	0	0	0	29	0	0	108	38	9	0	0	0	0	0	0	298	682	182	1	0	3	0	1	0	0	0	0	0	1	215	3	0	195	0	0	0	461	2	2	0	0	0	0	0	0
Hydropsyche	2	2	51	0	0	0	191	61	46	28	139	134	2	0	5	0	0	0	25	49	30	5	41	157	0	0	0	35	81	122	0	0	0	335	368	127	32	36	8	0	0	0	0	0	0	10	19	10	95	1	0	0	0	0	4	4	140	235	1063	510	189	100	12	50	0	0	0	227	14	27	87	380	0	0	0	121	141	18	3	179	79	0	0	0	1	11	0	290	474	224	0	0	0	0	0	0	26	54	39	0	0	176	77	68	46	1	100	2	26	2	62	0	0	1	1	0	0	537	308	3	869	699	401	0	134	36	187	253	187	115	16	15	12	49	2	0	2	13	50	110	162	0	0	0	0	0	0	9	102	250	0	0	0	0	0	11	132	15	59	0	0	0	2	0	0	1784	561	1791	283	177	654	120	0	11	0	0	0	423	90	434	2	0	0
Synagapetus	0	0	0	0	0	0	0	0	0	0	0	0	0	0	0	0	13	0	0	0	0	0	0	0	0	37	0	0	0	0	0	0	0	0	0	0	0	0	0	0	0	0	0	0	0	0	0	0	0	0	0	0	0	0	0	0	0	0	0	0	0	0	0	0	0	0	0	0	0	0	0	0	0	0	0	0	0	0	0	0	0	0	0	0	0	0	0	0	0	0	0	0	0	0	0	93	0	0	0	0	0	0	0	0	0	0	0	0	0	0	0	0	0	0	0	0	0	0	0	0	0	0	0	0	0	0	0	0	0	0	0	0	0	0	0	0	10	464	0	0	0	0	0	0	0	0	0	0	0	0	0	0	0	0	0	0	0	0	0	0	0	0	0	0	0	0	0	0	0	0	0	0	0	0	0	0	0	0	0	0	0	0	0
Hydroptila	0	0	0	0	0	0	64	0	9	0	24	0	0	0	0	0	0	0	0	0	0	0	0	0	0	0	0	0	7	0	0	0	0	6	14	0	0	32	4	0	0	0	0	0	0	44	5	4	0	0	0	0	0	0	0	0	0	0	0	0	0	0	0	0	0	0	0	0	9	2	0	0	0	0	0	0	0	0	0	0	0	0	0	0	0	149	0	36	153	7	0	0	0	0	0	0	0	0	0	0	0	559	9	7	25	30	33	2	0	0	17	0	0	0	0	0	0	155	0	0	5	948	0	0	0	0	1	0	0	0	2	148	0	0	0	0	0	0	0	0	98	0	0	0	0	0	0	0	0	0	0	0	0	0	0	0	0	0	0	75	0	0	0	0	0	0	0	1	0	0	0	53	0	1	0	0	0	0	57	12	0	0	0
Ecnomus	0	0	0	0	0	0	0	0	0	0	0	0	0	0	0	0	0	0	0	0	0	0	0	0	0	0	0	0	0	0	0	0	0	0	0	0	0	0	0	0	0	0	0	0	0	0	0	0	0	0	0	0	0	0	0	0	0	0	0	0	0	0	0	0	0	0	0	0	0	0	0	0	0	0	0	0	0	0	0	0	0	0	0	0	0	0	0	0	0	0	0	0	0	0	0	0	0	0	0	0	0	0	0	0	0	0	83	0	0	0	0	0	0	0	0	0	0	0	0	0	0	0	0	0	0	0	0	0	0	0	0	0	0	0	0	0	0	0	0	0	0	0	0	0	0	0	0	0	0	0	0	0	0	0	0	0	0	0	0	0	0	0	0	0	0	0	0	0	0	0	0	0	0	0	0	0	0	0	0	0	0	0	0
