site	Alainites	Allogamus	Amphinemura	Athripsodes	Baetis	Caenis	Centroptilum	Chaetopteryx	Chloroperla	Cloeon	Crunoecia	Dictyogenus	Dinocras	Drusus	Ecdyonurus	Electrogena	Epeorus	Ephemera	Goera	Habroleptoides	Habrophlebia	Hydropsyche	Hydroptila	Isoperla	Lepidostoma	Leuctra	Limnephilus	Lype	Melampophylax	Metanoea	Nemoura	Nemurella	Odontocerum	Perla	Perlodes	Philopotamus	Plectrocnemia	Polycentropus	Protonemura	Psychomyia	Rhithrogena	Rhyacophila	Sericostoma	Serratella	Siphlonurus	Tinodes	Wormaldia
1	0	0	0	0	1	0	3	0	0	21	0	0	0	0	0	0	0	1	0	0	0	0	0	0	0	0	10	0	2	0	0	9	0	0	0	0	0	0	0	0	0	0	0	0	0	0	0
2	0	0	0	0	81	19	1	0	0	0	0	0	0	0	5	0	0	0	0	0	0	0	14	0	0	25	0	0	0	0	0	0	0	0	0	0	0	7	0	0	0	1	0	15	0	0	0
3	0	0	0	0	189	6	0	0	0	0	0	0	1	0	0	0	0	0	0	0	0	0	0	1	0	1	0	0	0	0	0	0	0	0	0	0	0	0	4	0	3	9	0	135	0	0	0
4	2	0	0	0	3	0	0	0	0	0	0	0	0	0	0	1	0	20	0	0	11	0	0	0	0	0	0	1	1	0	0	0	0	0	0	0	5	0	0	0	0	4	0	0	0	0	0
5	0	0	0	1	47	169	0	0	42	2	0	1	7	0	16	0	0	1	0	0	0	0	0	0	1	223	0	0	0	0	0	0	0	0	0	0	0	0	0	0	60	5	1	105	1	0	0
6	1	0	0	0	605	1	0	0	0	0	0	0	0	0	0	0	0	0	0	0	0	0	13	0	0	0	0	1	0	0	0	0	0	0	0	0	0	0	0	0	0	1	0	15	0	0	0
7	0	0	0	0	12	18	0	0	9	0	0	0	0	0	43	0	0	0	0	0	0	0	0	0	0	54	0	0	0	0	0	0	0	0	1	0	0	0	0	0	5	0	0	28	0	0	0
8	9	0	0	0	13	0	0	0	0	0	0	0	0	0	0	11	0	9	0	12	0	0	0	0	0	22	0	2	5	0	0	1	0	0	0	0	1	0	31	0	0	5	1	0	0	0	6
9	65	0	0	0	40	0	0	0	0	0	0	0	0	0	3	0	0	1	0	16	42	7	0	0	0	30	0	0	0	0	0	0	1	0	0	0	0	0	32	0	0	10	0	61	0	1	0
10	0	0	0	0	150	14	0	0	0	0	0	0	0	0	19	0	0	0	0	0	0	0	0	0	0	28	0	0	0	0	0	0	0	0	0	0	0	0	0	0	16	1	0	7	0	0	0
11	2	0	0	0	926	10	0	0	0	0	0	0	0	0	1	0	0	0	0	0	1	5	1	0	0	54	0	0	0	0	0	0	0	0	0	0	0	0	0	0	0	3	0	65	0	0	0
12	1	0	0	0	240	5	0	0	1	0	0	0	0	0	22	0	0	0	0	0	0	0	0	0	0	7	0	0	0	0	0	0	0	0	0	0	0	2	0	0	3	0	0	6	0	0	0
13	8	0	0	0	12	3	14	0	0	0	0	0	0	0	1	0	0	4	0	0	1	0	0	0	0	1	0	0	0	0	0	0	0	0	0	0	0	0	0	0	0	0	0	13	0	0	0
14	4	0	0	0	56	0	1	0	0	0	0	0	0	0	1	32	0	3	0	10	10	0	0	1	0	18	0	1	0	0	0	0	2	0	0	0	7	0	0	0	0	1	4	1	0	0	0
15	0	0	0	0	345	1	0	0	0	0	0	0	0	0	1	0	0	0	0	1	54	0	0	0	0	50	0	0	0	0	0	0	0	0	0	0	0	0	0	0	0	1	0	8	0	0	0
16	2	0	0	0	4	0	0	0	0	0	0	0	0	0	0	0	0	12	0	0	7	0	0	0	0	0	0	0	0	0	0	0	0	0	0	0	1	0	0	0	0	0	0	0	0	0	0
17	0	0	0	0	212	1	0	0	0	0	0	0	0	0	0	0	0	0	1	0	0	0	8	0	0	6	0	0	0	0	0	0	0	0	0	0	0	0	0	0	0	5	0	5	0	0	0
18	8	0	0	0	23	3	0	0	0	0	0	0	0	0	0	0	0	0	0	1	0	0	0	0	0	1	14	0	0	0	0	0	0	0	0	0	0	0	0	0	0	0	0	69	0	0	0
19	0	0	0	0	5	0	0	0	0	0	0	0	0	0	0	0	0	0	0	0	0	0	0	0	0	0	0	0	0	0	1	0	0	0	0	0	0	0	0	0	0	0	0	0	0	0	0
20	0	0	0	0	254	1	0	0	0	0	0	0	0	0	4	0	0	0	0	0	2	0	0	0	0	8	0	0	0	0	0	0	0	0	0	0	0	0	0	0	0	4	0	1	0	0	0
21	7	0	0	0	11	0	4	0	0	0	0	0	0	0	13	0	0	1	0	8	2	0	0	2	0	3	0	0	0	0	0	0	0	0	0	0	0	0	10	0	0	1	0	71	0	0	0
23	0	0	0	0	541	0	0	0	0	0	0	0	0	0	2	0	0	0	0	1	2	0	1	0	0	9	0	0	0	0	0	0	0	0	0	0	0	0	1	0	0	2	0	55	0	0	0
24	0	0	0	0	215	13	0	0	0	0	0	0	0	0	9	0	0	0	0	0	0	0	5	0	0	22	0	0	0	0	0	0	0	0	0	0	0	0	0	0	0	3	0	50	0	0	0
25	0	0	0	0	241	78	0	0	0	0	0	0	0	0	3	0	0	0	0	0	2	8	0	0	0	27	0	0	0	0	0	0	2	0	0	0	0	0	0	0	0	1	0	96	0	0	0
26	1	0	0	0	31	0	0	0	0	0	0	0	0	0	2	0	0	0	0	0	0	0	1	0	0	1	0	0	0	0	0	0	0	0	0	0	0	0	0	0	1	0	0	0	0	0	0
27	7	0	0	0	296	4	0	0	0	0	0	0	1	0	6	0	2	0	0	1	2	1	0	0	0	8	0	0	0	0	0	0	0	0	0	0	0	0	34	0	2	2	0	110	0	0	0
28	3	0	0	0	57	1	0	0	0	0	0	0	0	0	40	2	0	0	0	0	0	1	0	2	0	12	0	0	0	0	0	0	0	0	0	0	0	0	22	0	0	2	0	0	0	0	0
29	0	0	0	0	187	22	0	0	6	0	0	1	1	0	15	0	0	0	0	0	0	0	0	0	0	84	0	0	0	0	0	0	0	0	2	0	0	0	1	0	121	0	0	29	0	0	0
30	0	0	0	0	9	0	0	0	0	0	0	0	0	0	5	0	0	0	0	14	0	3	0	4	0	4	0	0	0	0	0	0	0	0	0	2	0	0	23	0	0	1	0	0	0	0	0
31	0	0	0	0	171	7	0	0	0	0	0	0	2	0	12	0	0	0	0	1	0	2	0	0	0	150	0	0	0	0	0	0	0	0	0	0	0	0	0	0	8	2	0	27	0	1	0
32	2	0	0	0	4	0	0	0	0	0	0	0	0	0	6	0	0	0	0	12	0	0	0	4	0	7	0	0	0	0	0	0	1	0	0	0	0	0	3	0	1	0	0	0	0	0	1
33	0	0	2	0	203	6	0	0	0	0	0	0	3	0	43	0	0	0	0	11	0	6	0	7	0	61	0	0	0	0	0	0	0	0	0	2	0	0	19	0	19	3	0	11	0	0	0
34	5	0	0	0	7	0	0	0	0	0	0	0	0	0	1	0	0	10	0	23	0	0	0	0	0	4	0	0	0	0	0	1	0	0	0	0	0	0	8	0	0	5	0	1	0	0	0
35	0	0	0	0	11	0	0	0	2	0	0	0	0	0	1	0	0	0	0	0	0	0	0	0	0	4	0	0	0	0	0	0	0	0	0	0	0	0	0	0	7	0	0	26	0	0	0
36	0	0	0	0	106	6	0	0	0	0	0	0	5	0	17	0	0	0	0	1	0	1	0	0	0	140	0	0	0	0	0	0	0	0	1	0	0	0	0	0	2	0	0	9	0	0	0
37	3	0	0	0	32	0	0	0	0	0	0	0	0	0	3	0	0	0	0	8	1	0	0	6	0	10	0	0	4	0	0	0	0	0	0	3	0	0	2	0	1	2	0	0	0	1	0
39	0	0	0	0	100	0	0	0	0	0	0	0	0	0	1	0	0	0	0	18	0	0	0	1	0	18	0	0	0	0	0	0	0	0	1	22	0	0	0	0	0	1	1	8	0	0	0
40	1	0	0	0	371	20	0	0	3	0	0	0	0	0	1	0	0	0	0	0	0	0	0	0	0	81	0	0	0	0	0	0	1	1	0	1	0	0	0	0	101	2	0	13	0	0	0
41	0	1	0	0	14	0	0	0	0	0	0	0	0	0	5	0	0	0	0	81	0	0	0	20	0	20	0	0	0	0	3	0	1	0	2	0	1	0	3	0	0	0	1	0	0	0	0
42	0	0	0	0	275	0	0	0	0	0	0	0	2	0	17	0	0	0	0	12	0	11	0	0	0	0	0	0	0	0	0	0	1	0	0	24	0	0	7	0	1	8	0	2	0	0	0
43	61	0	0	0	38	0	0	1	0	0	0	0	0	0	0	0	0	0	0	2	0	0	0	5	0	1	0	0	0	0	0	0	0	0	0	0	0	0	8	0	0	2	1	36	0	0	0
44	7	0	0	0	159	0	0	0	0	0	0	0	1	0	10	1	0	0	0	27	0	0	0	19	0	7	0	0	2	0	0	0	0	0	0	0	0	0	5	0	0	0	1	0	0	0	0
45	0	0	0	0	14	2	0	0	0	0	0	0	0	0	1	0	0	0	0	1	0	1	0	0	0	19	0	0	0	0	0	0	0	5	0	0	0	0	1	0	11	0	0	0	0	0	0
46	1	0	0	0	338	55	0	0	59	0	0	1	1	0	105	0	1	0	0	0	1	0	0	1	0	288	0	0	0	0	0	0	0	8	1	0	0	0	0	0	434	2	0	603	0	0	0
47	23	0	0	0	213	0	1	1	0	0	0	0	0	0	46	0	0	0	0	25	6	0	0	21	0	23	0	0	2	0	0	0	0	0	0	5	0	0	66	0	18	9	0	0	0	1	0
48	11	0	0	0	142	0	0	0	0	0	0	0	0	0	24	0	0	1	0	49	3	0	0	22	0	31	0	0	0	0	0	0	0	0	0	0	0	0	20	0	2	10	0	0	0	0	1
49	0	0	1	0	561	0	0	0	0	0	0	0	0	0	12	0	0	0	0	1	1	6	0	0	0	55	0	0	0	0	0	0	1	2	0	0	0	0	21	0	0	7	0	40	0	1	0
50	0	0	0	0	101	1	0	0	86	0	0	0	1	0	11	0	0	0	0	0	0	1	0	0	0	58	0	0	0	0	0	0	0	2	0	0	0	0	1	1	56	0	0	96	0	0	0
51	2	11	0	0	4	0	3	0	0	0	0	0	0	0	30	0	0	0	0	41	29	0	0	4	0	226	0	0	0	0	1	0	0	0	3	0	3	0	5	0	0	0	0	0	0	0	0
52	1	0	0	0	70	0	0	0	0	0	0	0	3	0	3	0	0	0	0	0	0	2	0	3	0	23	0	0	0	0	1	0	0	6	0	0	0	0	3	0	7	0	0	1	0	0	0
53	4	0	0	0	8	0	0	0	0	0	0	0	1	0	53	0	0	0	0	55	7	0	0	0	0	68	0	0	0	0	0	1	0	0	1	9	0	0	18	0	1	2	0	0	0	0	0
54	0	0	0	0	114	9	0	0	0	0	0	0	1	0	23	0	1	0	0	0	0	2	0	2	0	100	0	0	0	0	6	0	0	1	2	0	0	0	30	0	11	1	0	34	0	0	0
55	0	0	0	0	515	0	0	0	3	0	0	0	0	1	17	0	0	0	0	0	0	0	0	35	0	32	0	0	0	7	0	0	0	0	11	0	0	0	52	0	73	0	0	0	0	0	0
56	12	2	0	0	88	0	0	0	0	0	0	0	0	0	80	0	0	0	0	65	0	2	0	19	0	39	0	0	0	0	0	0	0	1	0	1	0	0	18	0	0	1	1	0	0	0	0
57	1	0	0	0	13	0	0	0	0	0	0	0	0	0	1	0	0	0	0	5	0	0	0	1	0	5	0	0	0	0	0	0	0	4	0	0	0	0	2	0	1	0	0	0	0	0	0
58	0	0	0	0	138	0	0	0	0	0	0	0	14	0	29	0	0	0	0	9	2	0	0	0	0	17	0	0	0	0	0	0	0	0	0	4	0	0	43	0	0	2	0	0	0	0	0
59	15	0	0	0	33	0	0	0	0	0	1	0	0	0	18	0	0	0	0	32	0	4	0	2	0	80	0	0	0	0	1	0	0	0	0	0	0	0	3	0	0	1	1	11	0	0	1
60	2	0	0	0	197	0	1	0	37	0	0	0	0	18	24	0	1	0	0	0	0	1	0	9	0	160	0	0	0	0	1	0	0	1	3	0	0	0	54	0	84	3	0	81	0	0	0
61	115	0	0	0	84	0	0	0	0	0	0	0	0	0	51	0	0	0	0	1	0	0	0	21	0	24	0	0	0	0	0	0	0	0	0	0	0	0	31	0	0	17	0	0	0	0	0
62	2	0	0	0	703	0	0	0	0	0	0	0	0	0	6	0	0	0	0	1	0	3	0	1	0	28	0	0	0	0	0	0	1	0	0	1	0	0	62	0	0	4	0	15	0	0	0
